14.963
8.842
3.141
3.352
6.007
5.342
4.633
3.052
3.146
5.12
6.02
4.16
3.392
3.957
3.085
2.919
2.867
2.525
3.569
2.848
5.459
3.974
2.761
5.421
5.088
9.798
11.211
6.252
6.991
4.534
7.571
2.929
3.065
3.269
10.374
7.902
14.077
9.262
7.72
7.266
7.084
7.926
14.629
12.031
8.564
3.721
6.295
4.078
8.367
3.181
5.75
3.998
4.393
4.417
3.986
3.087
4.046
3.977
3.748
3.754
4.292
3.147
4.76
3.364
3.879
5.422
3.234
4.004
3.453
4.037
4.069
2.541
3.077
3.763
5.305
2.657
3.996
2.375
8.044
2.997
8.445
7.276
4.28
5.569
8.613
2.529
2.631
6.954
7.113
4.946
4.885
4.675
6.151
6.617
4.267
5.484
7.447
4.71
7.441
6.167
6.192
3.696
3.456
4.422
9.297
9.876
6.12
8.596
8.857
6.733
3.644
7.106
6.398
7.877
5.691
12.392
12.988
11.688
7.0
8.553
8.671
2.781
11.793
7.075
6.051
4.764
5.02
4.589
3.935
7.261
6.121
12.458
12.508
6.3
3.801
7.187
6.1
4.722
3.011
7.975
6.32
5.391
4.714
3.393
4.852
4.997
4.812
3.397
4.912
5.375
4.678
4.57
3.166
9.805
11.912
9.882
3.762
3.305
3.267
4.661
3.36
2.826
2.744
4.983
8.22
8.118
6.73
8.523
4.254
2.636
3.736
4.316
3.401
2.83
4.239
6.758
4.338
7.282
8.084
8.748
6.956
5.212
8.633
5.831
6.138
4.537
8.217
6.49
10.141
3.351
3.911
2.916
2.44
3.595
2.703
3.524
3.035
3.751
7.828
3.429
3.13
6.574
7.117
5.523
6.311
6.809
4.818
55.171
3.837
3.612
3.895
4.565
3.304
3.62
2.637
2.874
2.931
3.764
2.958
2.867
2.85
3.348
6.09
4.271
3.164
3.56
3.594
4.186
3.056
2.575
4.383
10.378
4.145
3.704
2.782
2.911
3.972
4.008
5.679
5.301
4.95
4.358
5.477
3.601
4.306
4.788
4.92
4.225
4.102
3.718
4.716
3.602
4.874
4.893
5.382
4.748
4.817
5.645
3.784
3.986
3.878
3.275
5.648
4.157
2.565
3.833
4.715
2.627
4.014
3.205
7.179
3.602
3.429
3.636
5.281
4.682
11.365
9.179
7.067
6.728
6.479
2.994
3.228
6.748
3.771
3.103
7.136
6.186
6.035
6.6
8.673
6.038
2.581
2.558
3.721
3.834
3.314
4.676
5.933
7.895
5.01
3.797
5.122
5.09
7.469
7.036
6.268
5.924
4.466
8.687
5.517
10.203
10.389
10.754
3.173
6.941
13.363
6.773
9.279
11.028
5.589
5.64
7.8
4.59
9.423
12.02
6.971
8.226
5.565
3.293
8.649
7.027
7.183
3.003
2.793
4.015
3.509
7.763
2.379
3.622
8.735
9.578
3.021
3.364
2.703
4.345
13.239
9.156
4.273
5.005
5.455
3.908
4.448
4.004
4.079
10.917
10.123
8.133
5.133
6.093
12.903
6.03
5.48
10.295
11.867
12.118
3.243
4.241
4.932
5.588
2.923
6.184
4.027
9.085
4.116
3.621
10.57
4.414
3.594
3.741
4.228
3.88
3.204
3.927
5.774
4.257
4.555
6.168
5.979
3.629
2.49
4.039
6.147
5.494
4.859
7.952
7.703
8.661
4.474
4.331
4.593
4.456
5.23
7.632
8.629
5.227
3.895
4.648
4.663
5.909
3.728
3.696
7.157
5.936
6.258
7.204
3.885
14.682
5.063
4.59
13.16
13.693
19.671
15.111
3.047
2.709
8.898
8.567
14.576
3.014
4.602
5.359
7.564
7.585
2.936
4.222
6.501
6.529
5.08
4.355
5.427
6.922
3.833
4.199
3.293
4.613
6.297
5.107
2.854
8.689
7.157
5.619
6.702
3.72
5.089
4.262
4.05
4.858
2.697
3.813
3.491
4.459
3.197
4.219
4.337
4.734
4.092
4.801
3.766
3.781
4.711
3.164
3.499
4.545
4.532
5.571
4.232
4.241
3.036
5.741
4.624
3.731
4.457
3.349
4.711
7.021
6.437
4.877
3.424
4.588
4.533
7.994
2.484
3.244
5.162
10.148
6.14
6.727
4.482
7.46
3.36
3.896
3.88
7.941
4.455
2.954
9.129
9.47
7.396
6.794
5.171
5.685
4.591
4.163
4.114
4.233
11.548
13.121
5.66
12.754
12.356
3.887
4.623
3.992
4.546
4.979
5.834
7.305
19.63
3.706
6.864
3.659
20.295
4.782
19.883
19.373
8.106
16.936
19.315
4.445
19.841
7.433
14.372
19.465
7.271
6.989
7.233
19.519
3.985
4.872
2.893
5.121
4.661
4.818
10.346
3.796
6.508
3.817
6.722
6.156
6.348
6.359
5.6
2.92
4.458
6.978
6.492
6.509
6.652
6.362
6.364
6.649
5.478
4.751
5.617
4.844
4.955
5.544
3.906
4.569
5.731
18.256
8.547
4.025
3.377
4.874
7.978
2.9
3.511
3.836
4.773
10.229
3.768
8.678
3.012
3.761
6.861
3.977
3.173
5.289
6.723
9.04
2.628
3.064
8.876
5.151
7.049
9.5
4.793
4.919
5.626
3.398
8.779
7.171
7.248
7.16
6.553
5.723
4.442
4.008
4.754
4.4
8.392
7.828
9.568
8.29
6.728
6.898
5.908
7.663
9.934
4.599
4.251
3.415
3.325
6.869
11.16
4.238
10.375
4.244
3.014
8.393
8.783
12.922
12.682
8.948
4.73
7.068
7.09
5.564
4.376
4.304
4.507
3.697
13.255
4.554
8.638
4.771
4.766
2.693
3.254
4.332
2.675
6.623
4.322
3.817
5.774
4.199
6.914
12.837
3.802
3.171
3.084
4.49
8.425
7.573
7.557
7.272
6.754
9.516
10.713
7.198
8.552
7.845
4.048
7.868
5.585
9.478
5.371
8.961
7.312
7.135
2.91
4.171
4.789
4.493
3.874
7.282
5.78
7.195
7.031
6.682
3.963
6.483
2.508
4.353
5.99
7.222
4.055
3.918
3.329
3.631
5.966
5.056
5.316
6.426
5.786
8.074
5.811
2.928
5.52
8.985
3.271
5.555
3.577
8.587
7.072
2.828
2.517
4.022
5.694
3.22
3.327
2.852
3.104
3.287
3.051
5.095
2.722
4.611
3.366
5.925
3.17
6.636
3.687
2.884
6.971
4.567
3.201
4.208
13.284
3.875
2.661
8.237
5.346
5.218
5.494
12.839
3.475
8.107
3.665
5.663
4.14
3.152
5.7
8.713
6.289
4.659
8.817
3.57
2.506
6.009
4.715
3.398
2.498
6.076
3.762
5.809
3.15
6.926
7.891
3.754
3.729
4.026
3.446
3.692
6.959
3.547
3.352
4.654
5.35
3.666
3.44
11.334
4.168
3.225
4.209
3.267
3.938
3.589
4.821
7.557
6.999
6.154
8.11
8.83
3.278
9.642
5.923
6.239
10.604
6.345
5.424
7.981
3.105
8.474
11.496
5.691
6.727
7.24
6.116
2.675
3.773
4.719
4.398
2.892
3.448
7.504
7.673
3.6
6.811
6.943
3.614
5.068
3.856
4.187
4.174
3.928
3.673
5.118
2.983
3.248
3.678
3.478
3.552
4.288
3.964
7.852
3.9
5.393
5.136
2.849
5.495
3.59
4.106
8.229
6.222
6.743
5.421
5.664
5.709
4.314
5.234
4.863
4.428
5.301
5.066
3.877
5.727
4.627
4.75
2.681
5.561
6.543
5.462
5.589
4.778
5.572
5.407
3.482
3.265
2.859
6.571
4.017
6.802
5.531
3.45
2.582
13.959
11.728
6.321
15.517
7.236
4.951
3.784
6.382
3.612
2.831
4.858
5.997
4.762
3.661
6.476
6.238
5.584
5.418
9.114
7.35
9.964
6.625
3.903
3.92
4.342
3.952
3.887
3.332
3.093
5.746
3.371
3.916
4.353
5.57
3.995
8.587
4.007
3.719
3.648
4.322
5.845
3.525
5.695
4.038
6.47
2.759
4.057
2.928
3.504
3.214
5.09
5.588
3.152
3.323
4.847
9.533
9.022
7.13
8.687
7.239
9.947
8.602
8.456
8.518
8.642
4.868
4.886
3.986
3.195
5.853
4.827
5.364
4.53
3.959
3.881
14.4
13.226
14.745
15.035
5.29
4.282
5.89
5.075
4.498
33.956
41.935
33.091
42.023
23430.925
10.782
7.542
54.694
